10008
1002
101
10113
1013
10192
1028
10334
10350
10460
10484
10541
1058
10595
10654
10709
10803
10836
1086
10967
10988
11000
11029
11268
11368
11513
1156
11635
11640
11675
1169
1184
12003
12033
1205
12139
1216
12168
1225
12326
12343
12352
12401
12566
12687
12750
12855
129
13016
13054
1307
1311
13132
13135
13142
13176
132
13211
13214
1322
13232
13240
13307
13605
1369
1370
13827
13847
138606
13919
13959
14008
14081
14328
14471
14486
14509
14535
14679
14717
14777
1478
14812
1490
1493
14956
15102
15125
1529
1531
1533
15502
15652
15664
15750
15807
15833
15836
15906
16043
1621
16214
16375
16377
16419
16448
16604
16629
1676
16766
16949
17017
17031
17034
17037
17080
17097
17114
17122
17428
1743
17477
1792
1808
1820
1904
194129
2026
2037
2125
2136
214
2167
2168
2171
2184
2228
2309
2310
2324
2403
2432
2481
249669
2506
2656
2673
2689
273
275832
2769
28
283
2869
2871
2920
293
2995
2998
3028
3154
3155
316
3177
318317
3197
3210
3275
331384
3351
3389
350971
3541
35457
35495
3553
357508
3612
3637
3703
373851
3839
3850
3928
3947
3953
40
4068
409778
4188
425
4286
4327
4455
45
452253
4560
4576
458824
458830
458837
458844
458850
458924
459053
459069
459076
459131
459141
459144
459154
459255
459294
459300
459320
459356
459387
459407
459523
459525
459586
459607
459708
459722
459733
459734
459743
459757
459796
459926
459948
459955
459990
46
460001
460018
460066
460073
460085
460086
460101
460114
460157
460211
460231
460233
462033
4629
463735
463764
463778
463858
464033
464061
464174
464240
464324
467344
4684
4698
476523
4785
4797
4798
480176
480475
480487
480578
480604
480659
480670
480680
480732
480753
480784
480810
480959
481014
481018
481052
481058
481103
481738
481753
483414
484269
484828
485140
485284
485374
485402
485527
485538
485668
485830
486028
486084
486186
488086
4881
488139
488174
488692
488768
489670
49
490952
490962
490964
490978
491203
491299
491566
491585
4916
491608
491612
491828
492256
492459
492516
492617
492698
492788
492797
492894
493108
493121
493132
493148
493211
493257
493434
493492
493523
493530
493542
493658
493674
493785
493930
493982
494007
494012
494013
494189
494393
494418
494540
494713
494751
494757
494844
494852
494859
494941
494954
494976
494998
4950
495003
495029
495145
495173
495821
495942
496
500412
500467
500560
500642
500647
500657
500658
500696
500725
500733
500735
500778
500798
500836
500879
500934
500959
500972
500973
501043
501071
501105
501175
501269
501277
501283
501292
501317
501321
501326
501356
501359
501453
501465
501480
501591
501661
501665
501738
501748
501913
502085
502171
502325
503650
504224
5044
505250
505260
505267
505281
505305
505322
505331
505403
505430
505431
505432
505433
505435
505436
505437
505439
505440
505441
505579
505730
505822
505903
505980
506033
506037
506135
506170
506223
506248
506367
506392
506438
506582
506584
506629
506630
5067
506703
506783
506845
506863
506913
506924
507186
507413
507440
507599
507641
507679
507710
507831
507960
508127
508167
508207
508224
508290
508294
508379
508403
508477
508555
508557
508573
508649
508766
508831
508898
508912
508944
508969
509097
509104
509200
509212
509220
509223
509235
509250
509305
509366
509489
509513
509582
509796
509835
509858
509895
509910
510045
510055
510068
510099
510286
510331
510337
510342
510353
510459
510482
510533
510582
510600
510624
510651
510761
510897
510930
510934
510943
511
511230
511240
511296
511602
511612
511655
511723
511752
511768
511769
511772
511815
511915
511938
511972
511981
511983
512038
512063
512069
512071
512117
512191
512215
512223
512235
512270
512374
512375
512446
512458
512541
512646
512650
512742
512750
512782
512864
512923
512929
513034
513045
513055
513072
513164
513182
513226
517485
517772
517789
517812
517817
517818
517830
517831
517832
517860
517979
517992
518028
518030
518100
518125
518220
518227
518305
518333
518335
518367
518374
518480
518580
51862
518720
518787
518797
518913
518953
519002
519006
519131
519143
519152
519274
519289
519341
519344
519451
519453
519486
519531
519544
519588
519593
519617
519637
519640
519641
519657
519687
519711
519818
519855
519857
519874
519878
519882
519899
519983
520023
520068
520087
520270
520392
5205
520552
520561
520633
520649
520720
520815
520829
520852
520853
520862
520899
520918
520922
520981
520995
521056
521069
521071
521131
521212
521232
521241
521254
521445
521464
521494
521501
521550
521554
521567
521600
521643
521644
521659
521669
521699
521717
521825
521882
521895
521900
521974
522009
522034
522101
522109
522110
522134
522238
522270
522309
522324
522330
522334
522337
522388
522412
522450
522472
522493
522516
522706
522715
522717
522796
522852
522894
522898
522900
522923
522924
522930
522934
522945
523000
523039
523120
523194
523195
523219
523270
523296
523365
523432
523473
523511
523516
523556
523565
523589
523664
523670
523678
523703
523874
523883
524019
524058
524059
524081
524126
524190
524195
524197
524201
524260
524262
524274
524276
524277
524330
524333
524356
524372
524397
524398
524486
524503
524567
524572
524598
524626
524742
524750
524777
524839
524859
524898
524917
524934
524951
524978
524981
525099
525113
525176
525197
525198
525223
525230
525238
525301
525311
525347
525358
525368
525382
525393
525406
525469
525487
525535
525550
525791
525796
525824
525912
525918
525943
525966
525971
526037
526060
526081
526117
526122
526230
526233
526256
526265
526270
526287
526293
526307
526318
526319
526320
526342
526465
526501
526553
526554
526585
526587
526599
526625
526629
526656
526697
526730
526755
526771
526780
526802
526811
526891
526948
526949
526996
527057
527078
527104
527173
527178
527202
527211
527276
527277
527311
527331
527494
527579
527580
527842
527843
527938
528287
528458
528584
528618
528695
528722
528744
528757
528762
528911
528943
528962
528976
528983
529028
529271
529317
529457
529460
5295
529504
529543
529554
529566
529617
529638
529683
529684
529693
5297
529810
529880
529907
529946
530129
530131
530132
530203
530257
530390
530406
530449
530456
530563
530568
530591
530763
530772
530780
530817
530836
530846
530851
530858
530859
530869
530875
530876
530890
530897
530928
530950
530952
530955
530960
530969
530983
530985
530986
530987
530988
530989
531027
531031
531036
531040
531049
531050
531051
531052
531053
531067
531068
531070
531071
531074
531077
531080
531081
531088
531091
531098
531101
531113
531155
531188
531193
531220
531236
531241
531242
531245
531257
531275
531278
531303
531308
531327
531328
531329
531330
531334
531349
531375
531390
531475
531490
531500
531507
531509
531522
531527
531560
531583
531609
531615
531616
531617
531618
531619
531620
531621
531647
531714
531716
531723
531754
531773
531789
531790
531813
531821
531823
531834
531839
531851
531886
531894
531904
531907
531920
531970
532022
532031
532047
532055
532071
532083
532088
532099
532135
532189
532201
532211
532212
532220
532231
532260
532276
532308
532310
532311
532312
532313
532317
532319
532347
532388
532395
532450
532474
532490
532493
532496
532515
532524
532533
532655
532656
532661
532669
532686
532687
532688
532689
532690
532691
532704
532707
532712
532730
532784
532797
532798
532828
532837
532849
532864
532935
532945
532958
532970
532977
532992
533022
533025
533045
533048
533049
533052
533053
533054
533065
533068
533076
533077
533086
533096
533131
533190
533223
533236
533278
533297
533303
533318
533319
533374
533375
533376
533395
533426
533446
533494
533538
533555
533632
533639
533667
533696
533697
533756
533790
533814
533834
533847
533864
533920
533935
533952
533970
533980
533987
534004
534012
534013
534014
534016
534019
534026
534028
534035
534036
534055
534059
534062
534080
534098
534103
534105
534127
534146
534178
534234
534246
534258
534297
534422
534434
534470
534471
534536
534584
534585
534639
534640
534641
534642
534643
534645
534651
534658
534674
534676
534679
534680
534682
534687
534690
534705
534741
534796
534823
534824
534826
534853
534859
534879
534881
534888
534894
534902
534906
534910
534913
534925
534929
534983
534994
534999
535040
535064
535068
535072
535102
535190
535197
535282
535283
535301
535331
535342
535350
535402
535434
535435
535445
535461
535482
535495
535505
535537
535555
535587
535619
535662
535674
535684
535687
535690
535695
535698
535728
535731
535934
535959
535962
535974
536042
536069
536074
536079
536084
536097
536103
536107
536117
536126
536131
536137
536146
536159
536169
536176
536202
536207
536274
536332
536334
536344
536345
536350
5364
536418
536428
536435
536438
536440
536445
536465
536626
536634
536643
536658
536665
536669
536699
536705
536716
536723
536726
536740
536752
536757
536761
536793
536897
536901
536921
536946
537006
537007
537015
537024
537025
537042
537046
537052
537053
537057
537084
537142
537155
537165
537175
537367
537464
537476
537498
537515
537558
537602
537607
537613
537626
537634
537635
537636
537639
537640
537646
537647
537649
537652
537666
537667
537668
537669
537670
537671
537676
537677
537678
537695
537697
537706
537711
537719
537737
537741
537783
537789
537791
537804
537832
537885
537899
537900
537922
537956
537982
538004
538013
538028
538048
538068
538077
538132
538133
538156
538162
538187
538189
538197
538221
538242
538301
538315
538341
538351
538359
538407
538438
538449
538452
538477
538483
538499
538504
538521
538537
538544
538556
538564
538565
538566
538574
538611
538660
538669
538710
538714
538715
538716
538717
538745
538776
538785
538787
538866
538950
538954
538957
538969
538975
539002
539046
539047
539051
539052
539055
539082
539111
539114
539166
539247
539255
539270
539336
539419
539431
539512
539559
539665
539697
539707
540117
540119
540120
540123
540148
540149
540155
540222
540255
540256
540286
540287
540301
540339
540361
540414
540432
540445
540450
540471
540472
540473
540487
540495
540523
540527
540577
540582
540613
540625
540627
540632
540654
540689
540693
540704
540805
540826
540833
540846
540876
540895
540897
540898
540902
540905
540918
540921
540922
540929
540933
540939
540961
540981
541000
541060
541077
541083
541094
541140
541146
541189
541197
541200
541224
541327
541330
541342
541345
541360
541390
541392
541404
541412
541413
541417
541452
541523
541598
541638
541640
541643
541694
541749
541776
541779
541782
541785
541789
541798
541812
541829
541854
541889
541918
541976
541999
542003
542005
542007
542010
542011
542013
542021
542023
542031
542056
542063
542077
542087
542090
542092
542096
542098
542120
542121
542132
542166
542175
5422
542203
542206
542234
542241
542243
542251
542252
542255
542259
542264
542296
542311
542316
542325
542330
542335
542347
542356
542367
542405
542422
542447
542449
542470
542471
542484
542489
542511
542516
542527
542532
542553
542566
542609
542638
542640
542660
542671
542691
542716
542717
542721
542724
542728
542787
542860
542861
542904
542945
542948
542956
542973
542974
542975
542976
542977
542978
542983
542999
543003
543036
543063
543078
543118
543122
543124
543131
543146
543159
543166
543172
543194
543206
543209
543215
543234
543292
543305
543317
543343
543388
543396
543400
543401
543402
543413
543421
543442
543446
543505
543507
543523
543534
543541
543552
543570
543578
543584
543594
543605
543612
543633
543718
543734
543736
543737
543740
543759
543776
543785
543801
543802
543808
543810
543814
543817
543820
543832
543835
543836
543837
543838
543848
543850
543877
543878
543890
543896
543906
543911
543938
543942
543971
543986
544023
544026
544034
544051
544054
544060
544091
544100
544115
544116
544118
544123
544136
544139
544143
544150
544163
544165
544182
544235
544258
544263
544332
544343
544401
544408
544410
544423
544425
544426
544427
544429
544510
544521
544524
544581
544614
544628
544631
544632
544636
544639
544640
544642
544646
544651
544699
544706
544723
544726
544732
544783
544792
544826
544871
544907
544909
544910
544926
544927
544933
544958
544960
545
545012
545038
545045
545058
545088
545091
545099
545157
545165
545169
545176
545177
545193
545197
545203
545247
545289
545290
545303
545304
545315
545388
545401
545411
545415
545424
545427
545430
545449
545451
545465
545468
545469
545475
545487
545496
545507
545512
545529
545543
545571
545575
545595
545616
546207
546245
546286
546296
546374
546422
546435
546448
546455
546474
546496
546507
546511
546514
546515
546524
546528
546531
546539
546542
546555
546557
546567
546577
5499
5503
5517
5549
556
5639
582
5900
594
5986
6156
6196
6294
6295
6443
6510
6515
6536
669
670
6854
688
6898
6921
6939
7025
7040
7142
7292
7402
7744
778
7809
7817
7825
8119
8137
8140
82
8317
8357
8358
8359
8395
8407
8417
8455
8672
8763
8768
8777
8846
8911
89580
896
8962
8999
9079
908
916
920
92844
9382
9387
9495
9503
9585
9637
99
9970
9971
